In [28]: nll_ffx_dr_avf(ep[7][2])
0.0669 2.3858 [4.1584, 2.753, 4.6523, 3.1058, 7.4018, 3.1741] 0.69442727216578 (2.0) -4559.81437825 dict_values([-281.96390175781511, -289.82538564135564, -255.66665526789984, -211.8092869538159, -273.94880158051268, -220.60370082616205, -299.02747840893988, -263.49028893040668, -295.79202026501008, -231.70908882743404, -218.98227986018796, -248.31717950084331, -174.67605836549504, -217.11937004390649, -267.60257019733251, -280.04571520040309, -245.40196342698806, -283.83263319084818])
Out[28]: 4559.8143782453571

In [29]: nll_ffx_dr_avf(ep[14][2])
0.0484 3.6473 [5.6666, 2.1036, 6.5306, 2.2191, 5.7846, 2.1249] 1.0812109695244605 (2.0) -3867.66353985 dict_values([-225.85571392502791, -228.78640395228578, -189.36881958144613, -183.017812103491, -223.65569243789579, -225.18918909668363, -256.94043687420117, -237.63369930783506, -259.2099911736297, -206.90029497064518, -185.15518362221187, -192.63534554102222, -141.77960816237132, -169.67336900149544, -217.38745441459565, -231.5693641042327, -194.47678444738912, -298.42837713405481])
Out[29]: 3867.6635398505146

In [30]: nll_ffx_dr_avf(ep[20][2])
0.0676 1.9862 [3.5014, 3.5807, 7.8691, 3.9214, 4.8188, 3.9913] 0.5009561375767563 (2.0) -3195.67786128 dict_values([-178.72231616011368, -189.89818783230663, -163.04531158844577, -151.52316332169164, -191.0533507548291, -176.79365741245107, -191.86003983390285, -217.43139286257988, -211.98801624347192, -151.69383542172685, -159.91943759392427, -158.42293005318385, -118.58718401075063, -160.5277653893823, -174.47748792663202, -187.47547947921285, -170.95849687580554, -241.29980852250776])
Out[30]: 3195.6778612829148

In [37]: nll_ffx_dr_nudger(ep[10][2])
0.5978 0.4643 0.6235 0.4144 0.3653 -889.669364306 dict_values([-35.130966616236613, -56.337304032828705, -21.741517045859588, -39.856045318012839, -87.749344858074338, -52.685964147524096, -31.409893482476242, -89.05156154718776, -73.502226868858983, -27.399027482135679, -38.683130465693893, -29.306453919104733, -33.093408265771053, -47.476010698645915, -32.122007245164433, -47.910590788361461, -23.632351224846161, -122.58156029880499])
Out[37]: 889.66936430558781

In [38]: nll_ffx_dr_nudger(ep[16][2])
0.5227 0.5624 0.7075 0.4711 0.4156 -901.037374333 dict_values([-38.760911500589565, -55.253434088480816, -26.540124600048014, -44.198493458241842, -81.900111283256408, -55.755011652027562, -34.890374079516334, -83.912430583912894, -70.715675808563489, -30.442385674401791, -40.425123229645521, -32.561141410333043, -33.524658709351534, -46.613471110083047, -35.913927487083825, -48.782113246863979, -27.962410517645345, -112.88557589332557])
Out[38]: 901.03737433337187

In [39]: nll_ffx_dr_nudger(ep[22][2])
0.6506 0.5079 0.6975 0.3562 0.3921 -890.753978066 dict_values([-35.510597637329163, -56.659835539566508, -22.36058134203455, -40.004762900092238, -89.627223482783222, -50.833758751644595, -32.207870169147462, -87.814869549127934, -74.177808329312512, -26.571132268528807, -39.637140399659685, -28.748927291862728, -29.708735157891667, -47.024334348880934, -32.267896842412696, -47.541085911331592, -21.651390759706644, -128.40602738455058])

